
224 
ASUS02 KWBC 311500
CODSUS
 
CODED SURFACE FRONTAL POSITIONS
NWS WEATHER PREDICTION CENTER COLLEGE PARK MD
1128 AM EST WED JAN 31 2024
 
VALID 013115Z
HIGHS 1020 2301187 1022 2901073 1020 6421561 1021 6821604 1022 6421453 1015
7561411 1016 4921157 1026 3200950 1026 3730907 1017 5331078 1018 4591018 1022
4210717 1022 4260654 1032 4071072 1029 3781065 1027 3921108 1031 4441104 1017
4921075 1020 6520922 1019 5970836 1015 4880555 1021 6651530
LOWS 1000 6181662 1010 5841572 962 4551356 1018 4091122 1006 4691192 1008
3290737 1012 3290795 1018 3830786 1009 5021126 1019 3791015 1016 3541143 1013
4431061 1005 6121096 1002 6571165 997 6221287 1001 7051361 1002 7941052 978
6410547 979 6240510 991 6450369 990 6160398 996 5430939
TROF 1800934 1940961 2200977
COLD 3290740 3220740 3150743 3010751 2490781 1960812
TROF 1981058 2261066 2631093 3141136 3321147 3481144 3531145 3571145 3691145
COLD 3270786 3160791 3070802 3070801 2920837 2990893
STNRY 3831220 3941234 4091243
STNRY 5430944 5440967 5480999 5581030 5761057 5881070
COLD 5821572 5721578 5621596 5541615
WARM 5821571 5801563 5751554 5681547
OCFNT 6151659 6121640 6061616 5911590 5831572
TROF 5821530 5851498 5921470
TROF 6221486 6061464 5981435 5891378
TROF 6651510 6781475 6871419
TROF 6221745 6171703 6151663
STNRY 6111103 6091133 6111156 6151178 6151205 6211219 6291216
OCFNT 4421362 4501379 4741387 5041367 5161341 5131300 4971275 4811261 4671253
WARM 4681253 4641241 4471225 4271216
COLD 4671253 4491247 4311246 3921251 3601260 3211285
WARM 3290739 3280727 3210710 3170702
TROF 4571217 4611206 4671194 4711181 4741162 4811146
OCFNT 3270797 3270794 3270789 3270787
STNRY 3350751 3360765 3320775 3280780 3270787
TROF 4991127 4941120 4861111 4741106 4611106
TROF 3350841 3280823 3250810 3270798
TROF 3830789 3940803 4100806
TROF 3820790 3710796 3550797 3410795 3310797
TROF 5291153 5211147 5111143 5041137 5001128
TROF 4540877 4750878 5020890 5200905
TROF 3661181 3771187 3901199 4081207 4201212
TROF 3771017 3661017 3441037 3321050
TROF 4321166 4261151 4241137 4301125 4311114
TROF 4411063 4311062 4231055 4111052
WARM 6101103 6091088 6041078 5961073 5911072 5891070
OCFNT 6541169 6451172 6391179 6321194 6291212 6291216
COLD 6291216 6291218 6291246 6281262 6271265
STNRY 6191289 6091294 5921309 5801321 5631323
STNRY 6271265 6251276 6201289 6191289
TROF 6571166 6681139 6781084
TROF 7071227 6881217 6711198 6581172
TROF 7311507 7171458 7071399 7031365
TROF 8301020 8071067 7921060
TROF 7921060 7830993 7670949
TROF 8020666 7810675 7660650 7500600 7320548 7060532 6730524 6410554
TROF 6400554 6280576 6150630
TROF 6680324 6620346 6560360 6460372 6360379 6240390 6180402
TROF 6160399 6120381 6100347 6030323
WARM 6230515 6240499 6220486 6200478
COLD 6220515 6090529 5850566 5600604 5440645 5320692 5210746 5150804 5140839
5200876 5250890
STNRY 5250890 5320910 5380925 5420943
 
$$

