000
ASUS01 KWBC 191932
CODSUS

CODED SURFACE FRONTAL POSITIONS
NWS WEATHER PREDICTION CENTER COLLEGE PARK MD
231 PM EST FRI JAN 19 2024

VALID 011918Z
HIGHS 1021 23125 1020 36118 1033 41108 1030 37107 1038 5295 1042 47106 1038
54106 1039 43100 1041 3898 1025 44117 1037 50115 1038 63137
LOWS 990 7992 1022 39106 1018 35114 1020 45118 1026 44111 1024 52116 997
48130 992 39133 973 5550 968 5941 963 6133 986 7561 994 3670 999 3965
TROF 35114 32114 28112 24110
COLD WK 3474 3375 3276 3178 3081 2883 2786 2591 2496 25100
27101
TROF 2395 2194 1992
COLD WK 3668 3568 3468 3270 3171 3072 2775 2578 2482
STNRY WK 27101 27102 28103 29105 30106 31107 33107 35106 37105 39105
41107 42110 43111 44111
TROF 54120 52116 50114 46112
OCFNT WK 7992 7893 7695 7598
WARM WK 7598 7498 7297
TROF 3584 3579 3775
TROF 4687 4387 4185
TROF 4582 4383 4182
OCFNT WK 52152 53150 54147 54143 53140
TROF 35114 34112 33110
TROF 35114 37113 38111 38109 39106
TROF 38122 36120 34118
STNRY WK 44111 45112 45113 45114 46116 46117 45118
WARM WK 53140 53138 52136 52135
TROF 5698 5399 5098 4895 4792 4789
STNRY WK 45118 44119 43122 43124 44124 46124 47125 47126 48126
OCFNT WK 39133 38132 38132 38133 38134 38134 39134 40134 40133 41132
40131 40130 39129 39128
COLD WK 53140 52139 51138 49137
TROF 4767 4765 5062
TROF 4465 4661 4859
WARM WK 39128 38127 37126 36125 35124
COLD WK 38128 37127 35127 34126 32127 31128 30129
STNRY WK 49137 48137 46137 44137
STNRY WK 50126 51127 51128 51129 51131 51132 51133 51134 52135
OCFNT WK 48131 49131 49130 49130
WARM WK 49130 49129 49128 49127 48126
COLD WK 49130 48129 46128 44127 43126 41126
STNRY WK 41126 40126 39125 38124 37123 35122 34122
TROF 35114 36116 37116
TROF 41122 41120 42117
TROF 51122 52122 54122
TROF 56124 59123 61121 64119 67120
TROF 62150 63149 65146
TROF 61165 63164 64163 66159
TROF 44111 45110 47110 48109
COLD WK 7598 72106 70115 67124 67133
WARM WK 5156 5059 5063 5066 5170 5374 5478
TROF 5550 5351 5252 5154 5156
OCFNT WK 5941 6039 6136 6134
OCFNT WK 6134 6232 6230
STNRY WK 6532 6436 6338 6240 6142
STNRY WK 6331 6332
TROF 7561 7666 7774 7982 7992
TROF 7561 7456 7254 7053 6753 6552 6352 6250
TROF 4378 4178 3977 3876 3874 3872
OCFNT WK 3670 3669 3669 3668
WARM WK 3668 3667 3565
WARM WK 3965 4063 4162 4160
STNRY WK 4158 4159 4160
COLD WK 3965 3966 3967 3869
STNRY WK 3869 3870 3771 3772 3672 3573 3474

$$
